
MAPA
7 14 19 19 11 
---------------
7 11 14 19 19 21 30 33 38 40 49 52 59 63 70 
---------------
ZAPISANO PLIK
---------------


MAPA
3 8 17 18 16 
---------------
62 59 51 46 43 35 34 28 25 18 17 16 11 8 3 
---------------
ZAPISANO PLIK
---------------

MAPA
8 18 16 9 11 2 18 14 
---------------
2 8 9 11 13 14 16 18 18 20 20 22 25 26 31 32 34 34 36 38 40 42 43 45 51 54 54 56 56 62 64 70 74 82 88 96 
---------------
ZAPISANO PLIK
---------------


MAPA
8 14 17 7 19 16 13 6 
---------------
100 94 92 86 81 78 73 72 65 61 59 57 55 54 48 46 43 42 39 38 35 35 31 29 26 24 22 19 19 17 16 14 13 8 7 6 
---------------
ZAPISANO PLIK
---------------

MAPA
17 10 19 4 16 11 12 16 9 8 14 
---------------
4 8 9 10 11 12 14 16 16 17 17 19 20 22 23 23 25 27 27 28 29 31 31 33 33 37 39 39 39 43 45 46 47 48 49 50 50 55 56 59 59 60 62 64 66 68 70 72 72 76 77 78 86 87 88 89 90 95 97 105 105 109 114 119 122 136 
---------------
ZAPISANO PLIK
---------------

MAPA
10 7 18 8 14 19 13 2 19 8 5 
---------------
123 118 113 110 108 106 101 100 93 91 89 88 83 81 80 79 76 75 75 74 72 67 66 66 61 59 57 56 54 53 48 47 47 46 43 42 41 40 35 34 34 34 33 33 32 32 29 27 26 25 22 21 19 19 18 17 15 14 13 13 10 8 8 7 5 2 
---------------
ZAPISANO PLIK
---------------

MAPA
14 15 15 12 15 3 7 2 5 17 12 2 8 10 
---------------
2 2 3 5 7 7 8 9 10 10 10 12 12 12 14 14 14 15 15 15 17 17 18 18 20 22 22 24 25 27 27 27 29 29 30 30 31 31 32 32 34 34 36 36 37 38 39 39 42 42 43 44 44 44 45 45 46 46 48 49 49 52 53 54 54 56 56 56 57 59 60 61 61 63 63 66 67 69 71 71 73 74 74 75 76 81 81 83 83 88 88 90 91 93 98 103 105 105 108 113 117 119 123 127 137 
---------------
ZAPISANO PLIK
---------------


MAPA
6 15 7 2 4 4 16 19 9 16 14 9 18 9 
---------------
148 142 139 133 127 121 120 118 118 115 114 112 111 110 109 106 105 101 100 98 94 93 92 91 91 87 85 84 83 82 82 78 77 76 75 74 73 70 68 67 67 66 66 64 61 60 58 57 54 54 52 52 50 48 48 48 45 44 44 43 41 39 39 39 38 36 35 34 33 32 30 30 28 28 28 27 27 26 25 24 24 23 22 21 20 19 18 17 16 16 15 14 13 10 9 9 9 9 8 7 6 6 4 4 2 
ZAPISANO PLIK
---------------